0 1 2 3 4 5 6 7 1
4102 2505 1
2793 4318 3246 2794 1
4746 3563 4747 1
7 46 8 47 37 41 48 1
511 482 378 74 1
3949 3950 3951 2165 1
2442 2766 4086 1
4887 5281 5282 5283 1
1629 1630 464 309 1
1465 3373 1
1702 2
378 379 53 70 380 381 1
4813 4445 5138 5139 1
1756 1757 1758 1759 1760 1761 1762 355 1
2606 2607 753 2162 1
701 91 1
3364 3365 1460 1
3145 3965 3749 1
355 1763 1764 1765 1278 1766 1767 1484 1
1089 1090 1091 169 1092 1093 1
234 1314 1315 1316 1
1721 346 1722 1723 1
754 823 2637 1
1702 3509 3510 1
1496 433 1497 270 271 1498 460 1
3182 3183 3184 4515 3185 3167 1
4412 2920 1
3039 1120 1
868 869 95 1
54 1
228 24 229 230 1
304 44 305 1
4323 2804 4324 4325 4326 1
5539 5540 5541 5430 5542 5543 5544 1
3463 1608 2
2161 3890 3372 3891 2149 1
2659 2660 1792 1149 1
2916 938 1
2402 3035 1128 1
1600 1844 705 1
5001 5002 5003 4194 5004 1
64 65 2
2896 2897 925 2371 1
7 46 48 49 50 51 52 1
4807 5244 1
4346 4347 2855 4348 1
5063 5064 5065 5066 4312 1
3824 3541 3825 2544 2074 1
1107 1108 185 1109 1
866 1234 1235 1236 1237 1238 1239 1240 212 1
4163 2613 3
1702 342 1554 1703 1704 1705 1
1316 1734 3243 3244 1
1875 371 1
2992 2993 1
1762 355 1155 1437 1
3402 3398 4611 4612 1
637 88 638 1
7 53 54 55 56 57 58 59 60 61 62 63 1
3346 1845 3347 1449 1
70 431 432 2
5223 4646 1
74 512 499 1
91 702 703 704 1
2747 2748 807 1
74 513 514 515 1
4 26 27 28 1
88 639 640 641 642 643 1
925 2371 2898 1
2638 2639 2101 2640 755 2641 2642 2643 2644 2645 2646 1
2032 450 2033 824 1
355 956 896 1
4874 4875 4876 4877 3879 4878 4879 1
4925 4926 4927 3998 4928 4929 1
223 1
5197 5198 4580 1
4290 2749 1
91 705 703 706 707 1
2295 4009 4010 4011 1
3923 3924 3925 2155 1
2458 2459 678 1
3407 4630 1
4187 4188 3092 2657 1
1002 171 145 1
355 1484 1437 1347 1615 1768 1
234 1317 1318 3
3674 3675 3676 3677 2315 3678 3679 3680 2316 1900 1
4564 3338 1
4227 2719 1
694 2494 2495 1
5311 5312 5487 1
4602 4603 1
1722 3036 3537 3037 1
7 44 45 1
1999 444 1161 1
91 708 709 710 1
2 3 7 12 14 15 16 1
355 1769 1770 1
2038 2039 451 2040 1
3996 2249 3997 1
101 872 1
3880 4880 4881 1
4422 5116 4423 1
3120 1232 3121 3122 1
4792 4793 4794 4795 4796 3660 4797 1
1693 350 1
4871 4872 3869 4873 1
350 1739 1740 1741 1
5130 5131 4432 4733 5132 1
3862 2092 1
74 516 517 518 2
3303 4561 1
5084 5085 4380 5086 1
4766 3612 1
3744 1
346 1724 360 1725 1726 1
270 1499 1500 1501 1
4908 4909 4910 4911 3952 1
1240 3126 3127 3128 3129 3130 3131 1
689 660 2388 1
2611 3222 2757 1309 3223 1
2442 1608 1096 2765 821 1
4807 3692 4808 4809 4810 4811 4812 1
679 2111 586 2261 1
823 2771 2772 1635 1
2233 3974 1
1252 3144 1253 1
5153 5154 4502 1
702 704 1946 1947 1
5585 5565 5586 5587 1
7 64 65 66 67 1
2916 4404 2927 1
2650 756 3
1149 1150 1151 196 356 1
5151 4457 1
4125 4126 4127 2551 1
2855 4349 4350 4351 4352 1
3398 3399 1531 1
2161 3372 3936 1
2362 2363 2364 2365 635 1
2663 2664 1647 768 1
4380 5055 4381 5056 4298 1
3741 4844 4845 4846 4847 1
4312 5067 1
1762 355 1005 1
350 332 1680 1681 784 1
1702 3511 1
689 660 2388 2389 1
1449 3348 1686 1
223 1252 1
5412 5170 5413 5414 5415 1
64 395 396 1
5180 5341 5019 1
4331 2818 2905 1
2697 2405 2406 2698 2699 1773 772 1774 1
701 1271 1272 1273 1274 224 1275 1
5245 5459 1
7 68 69 1
2405 2406 1773 1774 2407 2408 2409 2410 2411 2412 2413 2414 2415 663 2416 1775 2417 2418 2419 2397 2420 2421 2422 2423 2424 2425 2426 2427 2428 2429 1
3372 2149 3892 1
1734 3569 3570 1
3842 3843 2091 1
1100 622 182 1101 1
355 896 1414 1771 1338 1772 1
1028 1029 1030 434 1031 1032 1033 1034 1035 157 1036 1
286 34 1
1722 1723 2166 3538 1
346 1726 1
4933 4934 4935 4936 4937 4938 4004 1
4142 3
3029 3030 3031 1110 1
3771 3772 3773 3774 1991 3775 1
3428 3429 3430 1555 1
1426 3325 3326 1
4031 2372 3686 1
2826 863 2075 864 2827 2076 1
3888 3889 2131 1
355 1773 1774 663 1775 1
516 2105 2106 2107 2108 1
926 927 525 1
1693 350 1742 1743 1
768 1
3144 1253 3153 3154 3155 1
2092 2093 506 1
2173 2174 2175 548 2176 2177 2178 1
1917 3711 1
229 1287 1288 1289 1290 1291 1
4371 4372 4373 4374 4375 4376 2891 2892 1
2121 2122 673 1847 530 674 1
270 1502 1503 1504 1
379 1130 191 1131 1132 1133 1134 1135 1
355 956 1165 1
756 564 1
91 199 711 1
4988 4160 4161 1
2886 3078 1178 3079 3080 3081 3082 3083 2887 1
4490 3123 1
3189 4517 4518 1
3303 1394 1
5312 5488 5489 5490 5491 1
689 2467 2468 1
3507 4722 4723 4724 4725 2
1449 568 2237 2238 1
287 1540 1541 1542 1
4804 4805 4806 3690 1
2855 896 2856 2857 2858 2859 2860 2861 879 1
586 2262 2263 2264 2265 1
5352 5353 5059 5354 2
1316 3245 1
5171 5203 1
4940 4005 1
3749 4850 4851 1
5533 5416 1
1437 366 1866 1867 1868 1
4822 4113 4391 2
2149 1
712 713 1
91 712 713 714 715 716 717 718 719 720 721 722 723 724 725 726 727 728 729 730 731 732 733 734 735 736 737 738 739 740 741 742 743 744 1
727 2567 2568 2569 2570 2571 2572 2573 1
3072 3761 3762 3763 3073 1967 1
4965 5091 5314 1
1330 295 1331 1576 375 1
689 2467 2469 2470 1
3426 4636 4637 4638 1
1037 2973 2974 1
1702 3512 3513 1
962 963 130 1
37 234 295 296 297 1
5007 4195 1
2683 2684 769 1
74 519 520 521 522 523 1
705 2522 2523 1
482 555 1
3527 3528 3529 1715 1
5292 5470 5471 1
5492 1
355 357 1
3496 1677 1
980 981 134 1
1973 435 1974 2
5049 5348 5050 1
1465 3374 1
925 598 2271 2272 2273 2274 2275 2276 2277 1691 2278 2279 1
4940 4005 4941 1
560 1
435 1975 2
1007 2942 1
1113 187 1114 1115 188 1
4427 4428 2938 1
4312 4313 1
598 98 871 599 1
702 704 2508 2509 2510 1
1686 2329 3383 1491 1
4212 4213 4214 4215 4216 2710 1
347 1732 1733 1
2938 1
5394 5237 5156 5395 1
366 1004 146 258 1
982 983 984 135 985 1
2114 2115 2010 526 1
1647 2734 2735 796 1
1844 3616 3617 3618 3350 3619 3451 1
5434 5210 5435 5436 5437 1
3451 3452 3453 1599 3454 3455 3456 3457 3458 3459 3460 3461 1
188 448 489 197 1
2149 3893 3894 1
3413 1543 3414 1544 1
91 350 745 1
3402 1773 1
2315 2316 1900 623 2317 2318 2319 1
74 52 345 1
660 2
5223 5440 5441 5442 1
1089 2938 2994 1
705 1310 2524 2525 1
5027 1
3660 3661 3662 3663 1889 3028 1
3641 3642 1869 1870 3643 1
378 1885 1886 1
91 746 747 748 749 750 1
1394 1
2237 3992 3993 1
3372 1
1317 2180 3268 3269 3270 1
1341 627 628 1292 1901 2337 1
1773 1775 3573 1
1384 1405 235 1406 1
3563 3372 4586 1
1774 3578 3579 1
753 755 2608 2609 2610 1
4113 4962 1
2855 4353 4354 1
4136 4137 4138 4139 2565 4140 1
1632 1633 1634 316 1
74 89 2
4556 3261 4557 1
679 586 160 1
74 524 1
14 207 208 209 210 1
346 52 347 348 349 1
3437 2
4887 3893 4888 1
663 89 664 665 666 667 668 669 1
3924 4893 4894 4895 4896 4897 4898 4899 4900 1
3092 3093 1201 1
823 1635 316 1
1722 1723 835 2796 2797 1
2657 758 2658 1
3185 1
530 2123 2124 2125 2126 1
727 2574 2575 1
91 747 748 751 752 1
2705 774 2706 2707 2708 2709 1
355 1414 1165 1415 236 1416 1
295 1577 1578 1579 1580 1
3690 3691 2001 1909 1
3303 1
4445 5140 1
1543 1544 3415 3416 1
3331 1427 3332 3333 3334 3335 1
4314 5069 5070 5071 1
355 356 948 949 123 950 951 952 1
355 647 1
1941 3737 3738 2
70 433 196 434 435 188 197 160 436 437 438 1
160 1040 1041 1042 1043 1044 1045 1046 1
564 2211 2212 1
287 1542 1543 1544 1307 1
2811 851 2
24 231 232 233 205 1
1991 727 2569 2576 2577 2578 2579 2580 1
1460 530 531 532 1
196 1152 1153 306 1154 1
316 1636 1637 1
530 1394 2127 1
4641 3433 1
207 1220 1221 1222 1
3430 3863 2096 1
1275 1
88 642 644 1
4983 5318 1
2180 2181 549 2182 2183 1
4005 4942 4943 4944 1
3914 2
530 2128 2129 2130 1
233 205 1204 1205 1206 1207 1
1440 1441 256 1
4423 5117 5118 5119 1
1232 3028 1104 1
4658 4659 4660 4661 4662 4663 4664 4665 4666 3472 1
2772 4307 4308 4309 4310 4311 1
2823 2824 860 2825 1
1597 3446 3447 3448 3449 3450 1
2865 2866 2867 2868 1701 891 2869 1
2757 812 1
350 1742 1
1773 3574 3575 1
1036 1535 2972 1
1254 2377 3158 1
2371 2898 4024 4025 1
8 187 188 189 190 1
499 1
5223 5443 1
1723 3372 3557 1
4602 5205 5206 5207 5208 5209 1
2091 3844 3845 3846 3847 3848 3849 1
2521 2395 4035 1
2165 3364 2733 1
5372 5373 5112 1
1638 1
4908 5301 5302 5303 5304 1
499 2082 2083 2
379 1900 1901 1902 1903 474 1904 1
5502 5503 5332 1
1427 3332 3336 2330 3337 1
851 2812 2813 1
233 205 1208 1209 1210 1211 1212 1
2927 4414 3486 4415 1
2988 2989 2990 2991 1074 1
4194 4195 2709 4196 4197 4198 4199 4200 4201 4202 4203 4204 4205 4206 4207 3328 4208 4209 4210 1
444 598 1958 2000 1
4230 5015 5016 1
694 2496 1
3702 3703 1911 3704 1
2607 4163 2613 4164 1
705 287 1545 1
1734 1437 347 1
2010 2994 3791 1
7 70 1
3402 3398 1
234 1315 1316 1319 1
3965 4924 4647 1
3686 1905 3687 1906 1
4192 4193 2680 1
2001 1909 445 2025 2026 1
603 604 85 302 605 606 1
85 607 608 609 1
2663 768 1
5520 5521 5400 5522 5523 5524 5525 5526 1
897 2875 1
3408 1
772 1774 1
51 342 343 344 1
4427 4428 2938 4429 4430 1
2916 2927 4358 2862 1
7 46 48 49 50 51 71 72 73 38 1
4992 4171 2
482 2071 1281 1
212 1241 1242 1243 1244 1
598 2280 2281 2110 2282 2283 1
679 586 1
2813 4230 4231 4232 2720 1
2748 2755 4287 1
1660 3481 3482 1
207 1223 1224 1
3201 3202 3203 3204 1282 1
3338 3847 1
926 927 2899 2900 2901 1
2565 4141 1
232 239 260 240 241 1308 676 1
4312 5068 1
371 1876 1
2663 768 2665 2666 1
3937 4904 4905 2
4332 2830 1
228 24 229 1
598 2110 2284 2285 2286 1
679 879 680 2462 898 2463 681 1
1501 1772 1254 3159 3160 1
2891 2892 2893 4377 4378 2894 1
67 418 419 420 421 422 1
5311 5312 4962 5313 1
3278 3279 1323 1
1723 2163 2164 1
2886 1178 2887 921 1192 2888 2889 1
4901 3930 4902 1
3244 3249 1
355 1776 1777 1778 1779 1
48 50 71 318 319 320 321 322 1
2836 3002 1
5293 5475 5476 1
4391 5089 5090 1
431 432 1
2862 2863 884 1
3163 3164 3165 1258 1
4494 4495 4496 3132 4497 4498 1
345 1713 1714 1
5444 5545 5546 5547 5548 1
355 1414 1780 1
1734 3571 3572 1
1647 2680 3478 1
823 316 1638 1639 1640 1
88 588 645 646 1
3246 1316 3247 3248 2588 1
4972 1
3405 1536 1533 1534 1
2890 922 1
3785 3786 2002 1
229 560 1292 235 1293 1020 1294 1
1634 1
768 2667 1
433 332 1682 2
2565 1915 2
160 496 1047 1048 1
4020 2367 1
1722 1723 2166 3539 3540 1
3470 4653 4654 4655 4656 4657 1
753 91 754 755 756 713 316 1
2771 4306 1
5198 4580 5199 1
3362 3363 1452 1
1975 1958 3760 2
871 2836 2837 1
663 89 664 665 667 670 671 672 1
694 2497 695 1
3702 1
2930 2931 987 1
2212 2830 3967 2229 1
7 74 52 75 1
306 1162 1
775 776 2
65 145 406 1
705 628 2355 2356 2357 1
309 70 439 2
91 757 277 1
705 1540 2526 1
2993 1310 3227 3228 3229 1
499 2084 2085 1
753 2162 533 1
2131 530 2
2736 798 2737 1727 1
316 1637 1641 1
5302 5481 5482 1
898 2876 2464 2465 2877 2878 1
146 75 109 597 1
2077 3712 2
701 1272 2506 2507 1
3646 3647 3648 3649 2343 1882 3650 3651 1
4396 4397 4398 4399 2906 1
445 2027 2028 1
673 674 89 613 675 577 1
4142 2565 1
1094 1095 172 173 1
91 350 711 758 759 760 761 1
4728 1
742 1714 2588 2589 2590 2591 1
3742 2
851 2813 2814 1
613 614 615 86 616 1
3299 3300 1386 1
1005 146 597 1006 1
4603 5210 1
409 822 1921 1
1544 474 2069 2070 1
234 295 1320 1321 994 1322 466 1
74 525 526 527 1
74 89 528 1
5074 4979 5075 4339 4340 1
3472 4667 4668 1
355 1771 1781 1
713 2553 2557 1
2720 1
34 287 288 289 1
4102 2875 4369 1
1317 2180 3271 1
2861 4355 4356 4357 1
3223 4535 1
1460 812 2159 1
234 295 1323 1324 1325 1
1309 506 1310 233 1311 1
2149 3643 3895 3896 3897 1
4169 4991 4954 4170 1
2993 4451 4452 4453 4454 1
769 2685 2686 2687 2688 1
690 2491 1
530 2132 2133 1
824 692 2492 1
2898 4389 4390 1
4314 4315 2782 1
316 1642 1643 1644 1645 1646 1
1774 3580 3581 1
3652 4789 3653 3654 1
91 761 762 763 1
1258 3166 1
2927 4416 1
4248 4249 2728 4250 4251 4252 4253 4254 4255 4256 4257 4258 4259 4260 4261 4262 4263 4264 4265 4266 4267 4268 4269 4270 4271 4272 4273 4274 4275 4276 1
101 873 1
64 65 397 398 1
1912 1913 400 1914 1
753 755 822 1
705 287 1545 1546 1
4822 3735 4729 1
70 197 440 441 442 443 1
4983 4153 4984 4985 1
5157 5396 5397 5398 5399 1
2442 1
182 1102 624 1103 1
3452 3498 1687 3499 3500 3501 3502 3503 1
1702 3514 1
343 1707 1708 1709 1
1533 3406 2
5581 5582 1
438 339 1698 1699 1700 1651 1
74 89 529 1
4502 3133 3467 1
527 2120 1
7 15 19 76 77 1
52 350 351 352 2
2096 2912 2913 2914 928 1
4623 4624 3400 4625 1
74 530 531 532 533 1
605 2103 507 2104 1
4228 5012 1
956 1825 2919 1
1774 2408 2430 2431 1
332 333 1683 1
5499 5327 5500 1
891 2870 1
5562 5477 5563 5564 1
598 2271 2272 2275 2280 2281 2287 2288 2289 2290 2291 2292 1
2309 3393 3394 1516 1
694 2497 2498 2499 1
5156 5246 1
2565 4143 3
953 954 272 955 124 1
101 874 1
235 994 466 1385 1407 1
3372 4587 4588 1
65 407 1
564 2212 565 5
4746 4747 3638 4776 1
5302 5483 5484 5485 1
756 2651 3
4015 4016 4017 2320 1
737 2587 1
1647 3479 3480 1
4049 2398 4050 4051 4052 4053 4054 4055 4056 1
3644 1877 1
4423 5120 5121 1
530 2134 2135 2136 2137 2138 1
4231 2720 1
433 1965 1966 1
1309 506 1310 2094 2095 1
925 926 927 565 2235 2236 1
4728 5234 2
256 1442 1443 1
74 534 535 536 1
4967 4968 4969 4970 4121 1
5056 4298 5057 5058 1
1844 3451 3620 1
4 7 29 30 31 32 33 1
598 599 75 600 1
3166 4506 1
4992 4171 4993 1
3818 2034 1
5171 1
350 353 1744 1745 1
188 190 1118 1119 832 1
212 1245 1246 1247 1248 1
3280 3281 3282 3283 1334 3284 1
1013 2947 1
753 823 1635 1
2717 4221 4222 4223 4224 1
86 617 618 619 620 1
1178 1192 200 1193 1194 1
395 927 1909 1910 1
1723 835 2798 1
207 1225 1226 1227 1
1315 2563 3233 3234 1
1007 146 597 995 1008 1009 1010 1011 1012 1
1093 2938 2939 1003 1
2650 4184 4185 1
1271 3189 3190 3191 1
1460 531 2159 2160 1105 1
586 437 1985 1
355 1
530 2125 2132 2
798 1727 2738 1
3692 1909 3007 3693 3694 1
4882 4883 4884 4885 5273 5274 4886 1
91 709 710 199 764 765 1
2891 2892 2893 2894 923 2895 1
3488 1661 1
2765 926 1
4316 2788 4317 1
74 345 537 1
5050 5349 5350 5351 1
5133 5384 5385 5134 1
64 399 147 1
2249 2250 584 585 1
1704 3523 1
1976 3765 3766 1
4728 5235 1
350 160 213 1049 1050 1051 1
694 2497 2500 2501 1
5452 5241 5453 1
70 444 445 446 447 1
660 2390 2391 2392 1
2442 705 665 2443 2444 2445 1
702 704 2511 2512 1
2091 3850 1
4887 5284 1
660 2390 1
1309 926 822 2767 2768 2769 1
598 2272 1577 2293 1
287 1547 1548 1
5321 5322 4994 1
742 2592 2593 1
3942 1
4417 5110 5111 1
229 1292 466 1295 996 1296 1297 1
753 2611 2612 1
756 2652 2653 2654 1
2710 774 2711 1
433 1488 1489 1490 263 457 1
2481 4097 1
1702 2719 3515 1
2233 3975 3976 3977 1
4359 2864 4360 1
0 3 6 7 8 9 10 11 1
823 1635 1664 2773 1
7 78 79 1
1647 316 934 1648 1649 1650 1
866 2830 2831 2832 2833 2834 1
1773 1775 3447 3448 3576 3577 1
564 2213 2214 2215 2
2212 2229 3968 1
2074 2075 2076 2077 484 1
2749 4291 1
355 1484 1414 1782 1783 1784 1
2195 2196 2197 2198 2199 553 1
564 2216 1
3407 1533 3235 1
1715 345 1716 1717 1
4889 3915 1
1722 3541 2796 1
1632 1634 316 1
2091 3672 1892 3673 1
2431 4084 4085 1
3890 4882 4883 4884 4885 4886 1
4975 5315 5316 5317 1
451 2041 2042 2043 1
91 766 767 1
4741 4742 1
2637 4181 4182 4183 1
74 258 538 539 540 1
3507 3350 4569 1
2793 1317 2782 3272 1359 2783 1
309 318 321 322 1
160 86 214 215 621 1
2846 2847 2848 2849 2850 2851 875 2852 1
2040 3819 3820 3821 1
2709 4211 2715 2713 1
52 350 160 353 354 1
2663 4189 2770 4190 4191 1
586 1871 368 1
2725 2
234 295 1326 1327 1328 1
2165 1702 2733 1
4887 5284 4945 5285 5286 1
499 2086 1
2524 2525 4110 1
1583 1584 299 1585 1
207 1228 1229 1230 1
3451 3002 3508 2
856 857 858 859 92 1
4121 2545 4122 1
355 1338 1339 1
1315 1316 3235 1
4113 4391 1
0 7 12 13 1
1661 3489 1
530 2139 1
4339 4340 5076 1
660 2393 1
3364 1460 3366 3367 3368 1
3158 1779 3431 3432 1565 1
7 64 51 80 1
7 48 51 73 38 81 82 1
925 679 898 2464 2465 1321 1
4423 2973 2
823 2
564 885 1
598 2271 2272 2275 2280 2281 2110 2287 2288 2289 2290 2291 2292 2294 1
185 1110 1111 1
5366 5367 5093 5094 1
207 1229 1230 1231 1
356 1852 1853 1450 1854 1
753 2162 2613 2614 1
1889 3664 2822 2
3739 4829 1
1414 3311 3312 3313 3314 3315 3316 1
807 2749 2750 1
3036 3037 4469 4470 4471 1
1307 3218 3219 3220 3221 1
89 7
70 188 448 197 449 1
1762 355 1785 1
4822 5252 2
1702 2719 2927 3516 1
1702 3517 2618 1
1599 306 1
355 1769 1786 1787 1788 1789 1790 1791 1
378 585 1887 1888 1
4142 4973 1
236 1417 1418 1
1533 3
287 1542 1543 1544 1549 1
3166 4507 4508 4509 1
74 499 541 542 1
355 1155 196 1153 1
3818 1
3930 2160 3931 1
3186 1260 3187 3188 1
2196 3961 3962 1
713 2558 2559 1
270 1501 1505 1
451 2044 2045 2046 1
660 2389 2394 2
2927 4417 4418 1
555 556 2200 2201 1
1314 1775 3232 1
355 52 356 357 358 359 1
496 2078 2079 1
3372 3540 4589 1
3338 4565 4566 1
4522 4523 4524 4525 3205 1
702 704 2511 2513 2
74 212 543 544 1
905 906 112 1
1207 1249 3095 3096 3097 3098 1
74 91 350 306 545 1
1240 2852 1
3361 1
7 48 51 83 84 42 1
4228 5013 1
3686 4798 4799 1
3527 3528 1715 1
64 65 139 1
807 2091 1
5133 5386 5387 5388 5389 5390 1
332 1684 1
378 1889 1890 1
5467 1
229 230 1292 466 1297 1298 1
1405 3308 3309 3310 1
355 1792 1149 356 1793 1170 1
1128 1155 1162 3040 3041 1
898 2464 2879 2880 2881 2882 1
65 350 306 408 1
7 66 67 85 2
1450 3358 1453 3359 1
4018 2333 4019 1
2371 2372 4026 1
1275 1565 290 1566 1567 1
258 1455 1456 1457 1024 1458 1459 1213 1
530 2135 2137 2138 2140 2141 1
4464 4465 2997 1
5519 5381 5382 1
234 1317 1318 1329 1
564 2212 565 2217 1
240 676 251 1433 1434 1435 242 1436 1
3818 4295 2756 1
48 49 50 71 323 1
3803 3804 3805 2015 1
3472 4669 4670 4671 4672 1
433 1488 457 1
3235 4538 4539 1
1723 3372 3540 3558 1
1194 2239 2240 2241 574 2242 2243 1
989 141 990 1
234 24 235 236 237 238 1
1722 3542 3543 1
3513 4729 4730 4731 1
3495 3210 3211 1675 1
1597 2933 991 1
89 676 237 253 551 677 1
4851 5256 5257 5258 5259 1
85 610 201 1
1661 3490 1
4142 4974 2
4663 3472 4673 4674 4675 4676 4677 1
2544 711 2545 2546 1
270 1506 1
678 679 89 680 681 682 1
3745 1
74 512 499 546 1
2728 4277 1
925 926 927 928 565 929 930 118 931 932 933 1
689 2470 2471 1
711 2547 1
4051 4949 1
564 2216 2218 1
926 927 525 2110 1
188 197 848 1
753 2609 2615 2616 1
5560 5561 5465 1
5260 4854 1
309 318 321 322 1631 1
7 86 87 1
1774 2409 1
906 112 907 908 909 910 911 1
7 74 88 89 1
1155 1789 3057 3058 1
680 457 1982 1
765 2550 1
2551 712 713 2552 1
74 345 547 1
3558 4743 4744 4745 1
1512 3389 1
91 768 769 316 770 771 1
1316 3249 1
2993 3227 4455 4456 1
3235 4540 4541 1
5003 5004 5335 2
91 350 772 711 758 759 761 773 1
623 2320 2321 2322 2323 2324 2325 2326 2327 2328 1
256 1444 1
824 2781 1
91 774 775 776 777 1
4888 5289 5290 5291 1
47 316 317 1
4090 1
5224 4718 5225 5226 5227 1
130 964 965 966 967 968 969 1
735 2581 2582 1
991 2934 1
350 1739 1741 375 1746 1
3145 1252 1253 3146 3147 3148 1
91 761 778 779 780 781 1
4549 4550 5162 5163 5164 5165 5166 1
3472 4678 4679 4680 1
2091 3672 2
3038 1
1281 1528 815 816 1
91 350 758 760 2
160 306 216 1
1723 2163 1
48 309 49 321 1
65 409 410 411 1
994 466 1385 2054 1593 2055 1
234 1330 295 1331 375 1332 1
1774 3582 3583 3584 1
4733 4734 3521 1
435 560 1976 629 1
907 2883 2884 1
229 230 1299 1300 1301 1302 1
2709 1
91 350 711 742 758 759 760 761 782 1
5237 4732 1
74 548 549 550 1
943 652 2380 1
3372 3915 1
2212 2229 3969 3970 1
4623 3400 4626 1
3608 1809 3609 3610 3611 1
355 234 705 674 300 1333 1
660 1774 1
4479 4480 4481 4482 3042 4483 1
89 683 684 1
32 283 1
70 450 451 452 453 454 455 1
4171 4277 2
234 235 1334 1335 1336 1337 1
434 191 985 1
2551 4128 4129 4130 1
530 1394 2
1316 3247 3250 3251 3252 3253 3254 1
2551 713 715 2560 2554 2561 1
5168 5169 4552 1
925 2111 926 927 525 2112 2113 1
3522 1
5342 5028 2
1414 3317 1
845 2803 1
1290 1245 3142 3143 2354 1
506 2096 2097 1
4484 4485 4486 3052 1
91 709 710 783 1
3583 4754 4755 4756 4757 1
713 2562 1
530 2142 1
4423 5122 1
91 350 784 750 306 1
201 1195 1196 1197 1198 1199 1
530 2143 2144 2145 2146 2147 1
753 2611 2617 1
7 74 85 86 30 90 1
355 234 1316 1338 1339 1340 1
4230 5017 5018 1
1292 1901 1320 994 466 2056 2057 2058 1
742 2589 2592 2594 2595 2596 2597 1
7 8 91 1
4283 4284 2745 1
2397 4036 4037 1
91 155 785 1
1315 3236 3237 1
229 560 1292 235 1293 1303 1
1384 235 994 466 1385 1408 1409 1
4441 4442 2954 4443 1
5123 5374 5375 5376 5377 1
48 309 71 324 325 326 1
5180 5418 5419 1
4526 4527 4528 3212 1
4330 2815 1
95 678 679 870 1
1773 663 1775 2430 2431 1
2033 824 1
1687 3504 3505 1
1294 3205 3206 3207 1
2720 4233 1
91 786 787 788 789 790 1
638 2375 2376 1
2371 4027 4028 4029 4030 1
1307 1207 3099 3100 1
4920 3963 1
3373 1
2804 4327 1
4502 5155 1
4884 5278 1
635 2366 1
1991 3776 3777 1
258 1
91 791 792 793 794 795 1
191 1136 1137 1138 1139 1
4423 5123 5124 5125 1
74 525 526 2
2719 2720 782 2721 1
44 160 306 307 1
1886 3470 3471 1616 1
433 160 263 1052 1053 1054 1
1120 2121 530 2148 1
2924 2925 2926 973 1
91 727 796 797 1
2524 4111 1
3350 2565 4144 4145 4146 4147 2
7 92 93 94 1
2618 1
4999 5330 5331 1
3612 4767 4768 1
5256 5257 5259 5461 5462 5463 1
3452 1687 3506 1
714 715 1
482 270 1507 1508 1509 1510 1
1608 3464 3465 3466 1
146 258 1013 259 1014 1
3722 3497 1926 3723 3724 3725 3726 3727 3728 3729 3730 1
434 1036 160 1055 298 1056 1
5199 5420 5421 5422 5423 5424 5425 5426 5427 5428 1
70 89 456 1
1315 1316 1319 3238 3239 1
197 1173 1174 1
91 798 799 1
1941 3739 3740 1
67 418 423 424 425 361 426 1
355 1774 357 1794 1795 1796 1
994 466 1385 300 1586 1587 1588 1
735 736 2583 2584 2585 2586 1
2993 1677 2692 1
1414 3316 3317 3318 3319 1
676 2452 2453 2
1155 3057 3059 1163 1
101 875 876 1
2659 2660 758 1
74 236 551 1
1316 3255 3256 1
355 1414 1254 1797 1
4079 3829 4080 4861 4081 1
1315 1316 1319 1
1661 3491 1
5301 5477 5478 5479 5480 1
3923 2155 3926 3927 1
5527 5528 5529 5405 1
506 72 507 508 509 510 1
1096 3001 1
2131 530 1525 1
1317 2180 3273 3274 1
1915 3707 3708 1
306 112 912 913 1
772 1774 2700 2701 1
2506 4103 4104 1
1096 1095 173 1097 1
85 201 611 1
2295 598 1017 2296 2297 1
2091 3851 1
355 1789 1798 1799 1800 1801 1802 1803 1804 1
270 1087 168 1088 1
223 1252 1253 1254 1255 1256 1257 1
753 2618 2619 2620 2621 2622 1
3398 4613 4370 4614 1
270 356 1511 1
2149 3898 1
5218 4631 5219 4632 1
3577 4753 1
234 1341 627 1342 1343 1344 1
432 1951 1952 1
4910 5305 5306 5307 5308 1
3186 3187 3188 4516 1
5020 1
798 1727 2738 2739 1
2149 3894 3899 3900 1
4663 4666 3472 4681 4682 4683 4684 1
1723 807 772 2163 1
705 287 1542 1
1608 1096 782 2722 2723 1
2979 4448 4449 1
4081 4951 4952 4953 1
3437 1577 3438 3439 1
506 443 1459 1998 1
3507 2
3396 3397 1526 1
2442 4087 2
2397 4038 1
48 310 327 328 1
1281 1282 1283 225 1
355 1347 1768 356 1414 1805 1
7 95 44 30 96 1
564 2213 2219 2220 1
70 447 457 458 459 1
167 1086 1
32 284 1
3498 4718 4719 4720 3789 4721 1
91 761 797 800 801 802 1
2479 4093 4094 4095 1
1120 196 188 197 190 492 1
585 2252 2253 2254 2255 1
2725 2483 4098 4099 4100 4101 1
2161 1737 2298 1
5059 5355 5356 5357 5358 5359 5360 1
1205 1207 496 2080 2081 1
3261 4558 1
5123 5378 5379 5380 1
4369 5080 5081 5082 5083 1
292 293 1568 1569 1
74 516 517 552 1
444 2001 445 2002 1
7 67 85 1
2229 2230 3973 1
2479 4096 1
769 316 1651 1
1450 3360 1
2091 3852 1
223 1252 1258 1259 1
4171 5
2149 3901 3902 1
332 1682 1685 1
866 2834 2835 1
3964 2206 1
791 2730 2731 2732 1
5323 5324 4996 1
1449 2128 2895 3349 1
824 1317 2782 2783 1
355 1437 1165 1784 1806 1807 1
3235 4542 1
1057 3
1460 258 1461 1462 1463 1464 1
2091 3848 3849 3853 3854 1
432 485 1953 1954 1
5565 5477 5566 5567 1
4005 4945 1
316 1652 1653 1654 1655 1
44 308 1
5314 5498 1
798 2740 1
1465 258 1466 1467 1468 1469 1470 1
207 860 92 861 1
1315 3240 1
991 2935 1
451 2047 2048 1
5049 5050 4287 1
1116 1
2826 863 2076 2828 2829 1
4979 4339 4340 5077 5078 5079 1
2770 1
4732 1
1426 3327 1
355 1155 956 1808 1
3489 4716 4717 1
1844 3462 1
702 704 2511 2513 2514 1
2040 1803 3607 1
85 200 11 201 202 203 204 1
926 2902 1
224 926 1276 1277 1
4228 5014 1
4217 4218 2714 4219 4220 1
3398 4615 1
694 689 2472 2473 2474 1
234 296 1345 1346 1
4230 2720 4234 4235 1
229 1295 996 1304 1305 1306 1
2079 3831 3832 3833 1
32 285 1
5465 5466 5268 1
2697 2406 1774 2407 2409 2410 1
1275 286 1533 1534 1
1341 627 1901 2337 2338 2339 1
2431 2160 3932 3933 3934 1
556 2206 2207 2208 1
5281 5467 5468 1
5366 5094 5368 5369 5370 1
4663 3472 4685 4686 4687 4688 4689 4690 4691 4692 1
598 445 1017 2029 2030 2031 1018 1
3563 3372 2
660 207 92 141 862 1
1207 3097 2081 3101 1610 1
91 755 803 1
1470 3375 3376 3377 1
444 2003 2004 2005 2006 2007 2008 1
270 1512 1513 1
5292 1
3222 3223 4533 1
784 1909 2025 2729 1
4209 1
3741 1941 3742 1
564 2221 2222 2223 1
851 2
758 545 1
2149 3902 3903 1
3749 4852 4853 1
2979 1057 2980 1
1275 286 1535 1536 1533 1534 1
1120 196 188 197 492 1
2074 3826 1
2250 585 2256 1
860 1
88 89 647 648 1
1307 1
585 2257 2258 2259 2260 1
4423 5126 1
679 89 685 686 1
444 1161 334 1697 1
2545 4123 4124 4107 1
91 772 804 805 806 1
2315 3680 2316 1900 3681 3682 3683 1
3430 4639 1
366 258 1471 1
4005 1
4 34 35 36 1
457 1982 2052 1
1449 332 1686 1687 1688 1
1445 3340 1
678 89 328 687 688 1
4983 5319 1
433 1437 332 1684 1
866 2832 2834 1
196 1153 1156 1
1414 3317 3319 1
191 898 1140 1141 1142 1143 1144 1
660 89 1
835 2621 2799 2800 2801 1
355 956 124 957 958 1
74 49 52 339 340 1
1501 3384 2310 3385 2311 1
1600 1844 3462 1
444 2002 2009 1
1774 3585 3586 3587 1855 1
4858 4859 3823 1
91 807 350 711 727 1
4284 5048 1
2399 4057 4058 1
1153 1154 3052 3053 3054 3055 3056 1
2725 4236 4237 4238 4239 4240 1
2992 2993 1075 1
5516 5364 1
91 705 808 809 1
2442 2766 821 1
3036 4470 4472 4473 1
160 1057 1058 1059 1060 1061 1
1254 929 2915 1
3528 1715 3530 3531 3532 1
1889 3664 3625 3665 1
4986 4987 4154 1
3 7 14 16 17 18 1
434 1036 1056 1972 1
4169 4170 2619 2622 1
70 271 460 272 461 462 463 1
432 1955 1956 1957 1
3092 4489 1
750 2603 1
4910 3952 4912 4913 4914 1
4423 5127 1
24 205 13 81 206 1
2474 4092 1
1317 297 1359 1360 1581 1582 1
1891 3670 3671 1
7 74 97 2
702 704 2515 1
702 704 1
464 309 70 439 465 1
355 673 921 922 923 114 924 1
53 70 381 382 383 1
4277 5047 1
609 1281 1528 816 278 1
705 1
88 642 1
371 1877 3
8 191 192 193 194 195 1
379 434 191 1145 1
598 2280 2281 2110 2282 2283 2298 1
160 306 217 1062 1063 1
753 2162 820 1
663 2432 2433 2434 1
3235 4543 4544 4545 1
2927 4419 4420 4421 1
5332 4999 5333 5334 1
7 48 44 52 98 86 1
753 2611 2615 1
4996 2
3398 4616 1
3249 4552 4553 1
2397 4039 4040 1
3166 4510 1
622 2309 2310 2311 2312 2313 1
2566 1
564 884 885 886 887 105 888 1
4160 4161 2575 4162 1
2875 4369 4370 1
355 1805 1806 1
2864 2852 889 1
4728 3508 2
1600 438 306 1063 1601 1
5064 1
1252 3149 2
5553 5572 5573 5574 5575 5576 5554 5577 5578 1
91 711 339 574 1
2551 713 760 1
598 2272 2274 2275 1577 2284 2294 2299 2300 2301 1
4741 4742 3550 1
3160 1
1774 1794 1796 3588 3589 3590 3591 3592 1
3408 1533 1
1608 3467 3468 1
3818 4857 1
954 272 959 1521 273 1522 960 1523 1524 1
676 2454 2455 1
46 48 309 50 71 310 311 1
101 564 877 1
49 28 72 263 264 265 266 267 268 269 1
234 1347 1345 1348 1349 1350 1351 1352 1
926 2902 2903 2904 1
5180 5181 4568 5182 5183 1
234 295 1353 1354 1355 1
74 344 551 1
991 2936 1
7 99 100 1
1702 3509 1705 2719 3517 3518 1
713 2563 2564 1
88 649 1
91 742 760 765 810 1
3338 3339 1430 1
1723 3559 1
4142 4975 4976 1
926 927 409 1922 1
355 956 1781 1809 1810 1811 1812 1813 1
432 1958 1952 1959 1
2650 756 2655 1
2524 1545 1
172 1
74 70 160 217 218 1
1722 1723 2796 3540 1
24 232 239 240 241 1
2551 4131 4132 1
5246 1
88 646 650 651 1
3223 1661 1
4063 4950 1
67 419 427 1
1095 173 1098 1
2149 3899 1
4946 4947 4041 4043 1
4520 4521 3200 1
258 205 1213 1214 1
2551 2565 4090 2453 4091 1
343 1708 1709 1710 1711 1712 1
1774 3585 3587 1855 1
74 457 553 554 1
88 639 2
1294 3208 3209 1
196 306 791 1157 1158 1159 1160 1
191 1146 1147 1
91 750 791 811 1
2846 2852 4338 1
3398 4370 4617 4618 1
1794 3606 1
4559 4560 3288 1
4549 4550 5162 5163 5167 1
3145 4503 4504 1
499 2086 2087 2088 1
316 1656 1657 1
2765 3507 3350 1
4195 5008 5009 5010 5011 1
3713 1918 3714 3715 3716 1
1917 973 404 1
88 652 653 654 2
7 101 102 103 1
2442 4088 4089 2
5184 5185 5186 4577 5187 4578 5188 5189 5190 5191 5192 5193 5194 5195 5196 1
499 2089 2090 1
431 432 1949 1950 1
1702 342 1554 1706 1
689 2467 1
155 152 153 1
1293 1020 2950 2951 2952 2953 1
756 564 2224 1
48 74 52 328 329 1
432 1952 1960 2
63 393 2
91 812 813 814 1
2149 3892 3899 1
270 1379 1514 1515 1
7 34 22 104 1
4549 3240 1
2728 4277 4278 1
3938 4906 4907 1
355 359 1814 1815 1816 1
91 742 815 816 817 818 819 1
798 1727 2738 2741 1
2565 4148 1
1877 3645 1
1128 1155 3040 3042 3043 1
7 70 105 106 107 108 1
3210 3211 1675 1303 1
4391 5091 5092 1
4391 5093 5094 5095 5096 1
555 557 2202 2203 1
2010 3791 3792 3793 3794 1
1093 2938 1003 2940 2941 1
91 316 1
5245 4996 5325 5326 1
2212 2229 3971 1
926 506 2094 1
3372 4590 4591 1
24 242 243 244 245 1
205 652 654 1215 1216 1
3167 1258 3168 3169 1
5338 5005 5339 5340 1
807 2751 1
234 1335 1356 1357 1358 1
135 986 1
379 1905 1906 1907 1908 1
598 2110 2284 1
4391 2904 4392 4393 1
2065 2066 1021 2067 2068 471 1
346 52 360 361 362 363 364 365 1
2149 1941 2399 1
451 2049 1
74 555 556 557 1
5588 5570 5589 1
2091 3846 3848 3849 3854 3855 3856 1
3686 4800 4801 1
4312 4313 2778 1
926 927 1
4404 3618 2928 1
450 451 2034 452 1
2149 3897 1
713 2565 2566 1
5171 5203 4596 1
4487 1
5156 5157 4510 5158 5159 1
67 361 426 363 428 429 430 1
1227 2953 3061 3116 3117 3118 1
1952 3751 3752 1
52 366 258 367 1
4602 5210 5211 1
1886 3652 3653 3654 3655 3656 1
807 2752 1
434 191 160 214 1064 1
2091 3850 3672 1
4142 4418 1
1309 1927 3224 3225 3226 1
197 832 848 1175 1176 1177 1
795 1
1675 317 1676 1
2254 2255 4001 4002 4003 1
4822 3735 4823 4824 4825 4826 1
598 1017 2302 2303 1
4314 5072 5073 1
4577 4578 4579 3355 1
869 306 1602 1603 1604 1605 1
4231 5022 5023 1
689 89 1
91 711 820 1
2172 3957 1
74 89 558 559 1
678 2460 2461 1
2075 556 2207 1
1258 3170 3171 3172 1
925 926 927 565 934 118 932 935 936 937 1
234 1128 1317 1359 1360 1361 1362 1
2010 526 2116 1
3244 4550 4551 1
438 1987 1988 1989 1990 1
1533 3409 3410 1
234 237 1345 1363 1364 1365 1
2442 1661 3492 3493 1
4996 4997 4172 4998 1
1512 3390 1
74 345 1
5198 4580 5200 1
3037 4477 4478 1
1316 1319 3257 3258 3259 1
3612 2091 3857 3858 1
3893 4021 2368 4022 4023 1
1096 3002 1
3712 4820 4821 1
2680 1
2149 3893 1
7 44 109 110 1
5549 5550 5456 1
3031 4466 4467 4468 1
58 390 391 392 1
451 2042 2050 1
5444 1
705 2522 2527 1
2399 4059 2
4 7 37 38 39 40 1
4820 5249 5250 5251 1
258 1307 1472 1473 1474 1475 1476 1477 1478 1479 1
2442 1093 2995 1
91 821 822 545 1
1952 3752 3753 1
705 2528 2529 1
2551 4132 4133 1
2149 3904 1
4719 5228 5229 5230 5231 1
1774 2407 3573 1856 1
2149 3905 1
234 300 1335 1364 1366 1
1315 3241 3242 1
755 926 2647 2648 2649 1
160 214 1065 1066 1067 1068 1069 1070 1071 1072 1073 1
306 1340 791 1063 1157 1158 1606 1607 1
2090 3835 2
1316 1319 3238 3239 3260 1
2659 2660 1
1307 288 289 1551 1552 1553 1
3998 2249 3999 4000 1
1278 3197 1367 3198 1368 1
704 1
355 1484 1817 1
1723 3372 3560 1
432 1952 1961 1
622 623 86 624 625 626 1
3430 4639 4640 1
4983 5320 1
2096 2097 3864 3865 3866 3867 1
3373 4596 4597 4598 4599 1
300 1345 1589 1590 1591 1592 1
355 896 1818 1
1597 991 1
2042 3295 3822 1
350 354 1
994 466 1593 300 1594 1595 1596 1
876 2854 1
4295 5028 5053 1
270 1499 1501 1
1460 2161 531 1
798 2742 2743 1
1935 415 1
368 1872 1873 1
1917 3712 1
2917 944 2918 1
234 295 297 235 1326 545 237 1
1284 1285 1286 226 1
1608 782 2723 2724 1
1216 3113 3114 3115 1
4072 4073 4074 4075 4076 4077 2403 4078 1
1258 3166 3173 3174 3175 3176 3177 3178 1
2565 2912 4149 4150 4151 4152 1
798 2740 2744 1
875 2853 1
415 1936 1937 1938 1939 1940 1
1952 3752 3754 1
530 2145 1
4236 4617 5031 5032 5033 5034 5035 5036 5037 5038 5039 5040 5041 5042 5043 5044 1
2010 3240 3795 3796 3797 2020 3798 1
48 309 330 331 1
135 987 988 1
824 2784 2785 2786 2787 1
5112 4418 5113 1
689 2472 1
4417 4444 1
2149 530 1
1774 3593 3594 3595 3596 3597 3598 1
4031 2372 4032 4033 4034 1
2947 2206 2
2728 4279 4280 4281 4282 1
3399 1531 1
355 1806 1819 1
4 7 8 41 13 42 43 1
3398 4619 1
3246 2794 3248 4319 4320 4321 4322 1
1207 3097 3102 3103 3104 1
3472 4693 4694 4695 4696 4697 4698 4699 4700 4701 4702 1
4737 4738 3524 1
1316 1132 3048 3049 3050 3051 1
3735 3736 4827 4828 1
46 48 49 50 312 131 313 314 1
2298 4012 4013 4014 1
956 1414 1841 1
444 2010 2011 2012 2013 2014 1
91 823 316 1
586 1871 1
635 2367 2368 2369 1
1554 1555 289 1556 1557 1558 1559 1560 1561 1562 1563 1564 1
1608 306 1609 1
236 875 610 1419 1420 1421 1
70 466 458 467 468 469 1
3427 1
345 1718 1719 1720 1
1723 3372 1704 3524 1
89 664 665 669 690 691 1
1155 1161 196 1162 1163 1164 1
2091 504 1
2778 3623 2
577 141 991 992 1
499 541 1
5292 4890 1
1600 306 1610 1082 1
627 1292 1294 2340 2341 2342 1
823 1638 1665 1
1864 3629 1865 1
64 400 401 402 403 1
1178 1918 404 1179 1180 1919 1920 1
270 1501 1516 1505 2
7 51 80 87 111 1
1317 2180 3270 3275 1
64 298 404 405 1
5198 4580 5201 5202 1
2526 4116 4117 1
4972 4129 1
3871 3872 3873 3874 3875 3876 2099 3877 3878 1
1917 973 1
3704 4819 1
549 2184 2185 2186 2187 2188 1
2916 4404 2927 4405 1
360 1864 2
2725 782 2726 2727 1
807 2749 2753 1
52 356 1
66 308 416 417 1
1501 3386 3387 1
526 2117 2118 2119 1
973 1
1017 1018 2948 1019 2949 1
101 878 1
1394 3304 1
91 824 306 1
774 2709 776 2712 1
2160 3935 1
4983 4153 1
7 112 113 1
7 30 32 114 115 116 1
2897 4382 4383 4384 4385 1
1281 3199 1
7 48 86 117 1
5342 5028 5343 1
694 2494 2502 2503 2504 1
234 237 238 301 1
5210 5438 5439 1
4060 1
4233 1
355 1155 896 1
4663 4664 4666 3472 4703 4704 4705 4706 4707 4708 4709 1
1240 3132 3133 3102 3134 3135 3136 3137 3138 3139 3140 1
4855 3799 4856 1
4915 4916 3956 4917 4918 4919 1
91 775 776 825 1
160 1074 213 1051 1075 1076 1
4455 5147 5148 5149 5150 1
2749 1
309 49 50 324 312 341 1
530 2150 1
943 944 945 119 946 1
2090 3836 2440 3837 3838 1
34 290 291 1
577 352 1752 1
2091 3850 3859 3860 1
70 470 2
355 1155 196 1165 306 1166 1
355 1347 1768 1165 1820 1821 1
2165 3952 3953 1
2916 4404 2927 4406 4407 4408 1
1722 2796 3544 3545 1
1293 536 2169 2170 631 1
74 560 561 562 1
2397 2628 2
3672 3858 1
953 954 272 124 959 960 961 1
5419 5536 5537 5538 1
7 118 119 120 121 122 1
530 2151 1
2871 2874 892 1
34 292 293 294 1
1702 2719 3519 1
3030 1110 3032 3033 3034 1
575 2244 1
3407 1733 3568 1
91 772 775 776 761 1
1098 1
753 755 1921 1
173 1099 1
199 1183 1184 1185 1186 1187 1188 1189 1190 1038 1191 1
1512 3391 3392 1
5327 4996 5328 5329 1
891 2871 2872 2873 1
2993 4457 4453 1
4719 5232 5233 1
4380 4381 5087 5088 1
2442 1093 1
74 89 563 1
1632 1634 316 1658 1
3398 4620 4621 1
586 1980 1
74 564 565 566 567 1
1253 3156 3157 1
2749 4292 4293 1
1057 2981 1
2162 3940 3941 1
444 2015 1801 1606 2016 2017 1
1024 1920 2960 1995 2961 2962 1
233 1212 1312 1
1303 3212 3213 3214 3215 3216 3217 1
4819 5248 1
5199 5429 1
2833 4333 4334 4335 4336 4337 1
586 2262 2263 2266 1
355 1806 1821 1822 1
2756 4296 4297 1
4600 5204 1
4159 1
4774 5243 1
889 111 890 1
673 89 613 675 577 692 693 136 1
568 233 205 1210 1217 1218 1
130 966 970 971 1
1915 3709 3710 1
187 188 189 1116 1117 1
5170 5416 1
196 1005 1167 1
7 28 123 124 78 1
1516 3395 1
2506 4105 4106 1
5133 5134 4442 5135 1
3093 1201 2
436 1490 457 1982 1
4813 4445 5138 5141 5142 5143 1
2524 4112 1
1449 3350 3351 3352 3353 3354 1
3704 2400 1
14 207 211 1
3350 2565 4144 4145 4147 2
994 466 1593 1588 1595 2059 2021 1
564 2223 2225 1
91 707 747 545 1
2920 1774 3599 1
2371 637 2372 2373 2374 1
858 859 2822 1
1316 3261 3255 1
926 1
294 1575 1
3377 1476 3379 3380 1
2916 4404 4406 4409 4410 4411 1
1844 3621 3622 1
482 378 1891 483 1
3612 3850 4769 1
1470 3378 2532 1
1272 2506 3192 3193 3194 3195 1
3 7 19 20 21 1
74 568 547 340 569 570 571 572 573 1
2149 3643 3902 3906 3907 3908 1
1096 3003 3004 1
5528 5405 5530 5531 1
689 1
675 577 352 1753 1754 1755 1
444 2018 2019 1
1281 1283 3200 1
1915 400 1916 1
7 113 125 1
1608 3469 1
514 160 306 1058 1077 1
4989 4990 1
160 216 1069 1078 1
5245 5460 1
350 332 1689 1690 1
2804 845 2805 2746 1
1096 3005 1
3350 2565 1
1316 1319 3257 3262 3263 1
278 1216 279 1529 1530 1
4854 5261 1
3373 4600 4601 1
1844 3623 3624 1
355 1414 1781 1
4596 1
433 160 263 1079 1080 1081 1
713 2553 2555 2556 1
1258 815 2758 2759 2760 2761 2762 2763 2764 1
1178 197 404 1179 1180 1181 1182 1
4142 4977 4978 1
704 2520 2
355 1165 1784 1807 1808 1
676 2456 2457 1
694 89 695 1
822 2770 1
1278 234 1367 1368 1369 1
4060 2400 4062 1
482 2072 2073 1
234 196 1153 300 1
5004 5336 5337 1
74 548 345 574 575 576 1
7 44 33 9 79 126 127 128 1
3451 3508 4094 1
5028 5344 5345 1
3372 4588 3524 4592 4593 1
530 2132 2152 2153 2154 1
2074 622 2314 1
5338 5339 5504 5505 1
4813 4445 4814 4815 3695 1
229 1292 1307 996 1301 1
2397 4041 4042 1
74 91 306 545 1
3072 3073 1176 3074 3075 3076 3077 1
1307 1205 1207 1479 3094 1
70 471 472 473 1
3350 4146 4570 4571 4157 4572 4573 4574 4575 4576 1
711 2548 1
91 826 1
2149 3907 3909 1
4602 5212 5213 1
635 1911 898 2370 1
356 1774 1855 1856 1857 1858 1
70 432 474 475 476 477 478 479 480 481 1
1941 1
234 584 1370 1371 1372 1373 1
2042 1379 3295 3296 3297 3298 1
1599 1340 3289 3290 3291 1
4391 5097 5098 5099 1
346 360 1727 365 1728 1729 1730 1
753 1
355 1220 1823 1
4905 5297 1
1007 2188 2943 2944 2945 2946 1
112 907 913 914 1
1762 355 956 1819 1821 1824 1
4056 1
506 1541 1998 2098 1
37 64 298 1
1531 3400 3401 1
506 1310 438 1701 339 1
5327 5501 1
7 48 52 86 1
704 2508 2509 2510 2521 1
660 2395 1727 2396 1
845 2806 2807 2808 2809 2810 1
234 1374 1375 1376 1
2274 3823 2064 1
4857 5262 5263 1
2002 3787 3788 1
4487 4488 3062 1
196 1168 1169 1
2120 3884 3885 1
1315 1155 3060 1
2250 584 585 1
1647 768 1
1258 2013 3179 3180 3181 1
5477 5568 5569 1
91 761 785 827 828 1
4339 4340 2850 1
223 1254 1260 226 1261 1262 1263 1264 1265 1266 1267 1
306 1611 1612 1613 1614 1
2149 3910 3911 3912 3913 1
4418 2
4380 1
2233 3978 3979 3980 3981 1
5241 4770 5242 1
3402 3399 1531 1
1544 2069 2070 3417 1
3402 4627 4628 4629 1
3235 4543 4546 4547 1
236 1422 1
4910 5306 5307 5309 5310 1
807 2164 2754 1
7 70 88 1
2442 1091 1093 2995 2996 1
3407 4631 4632 4633 1
3036 4471 4472 4473 1
91 820 829 830 831 1
112 914 915 916 1
911 2885 1
2261 4004 4005 4006 4007 4008 1
7 57 129 1
91 188 197 190 832 833 834 1
1340 3292 1
236 1418 1423 1424 1425 1
3 7 14 22 23 1
3448 1709 3526 1
2565 4153 4154 1
506 2096 2099 2100 1
4121 4971 2
4063 4060 2400 4062 4064 1
4445 5144 1
74 577 141 3
5183 1
2565 4145 4146 4155 4156 1
4405 2
3563 3372 4291 4594 1
926 927 934 1
2544 2395 1727 1730 3567 1
2010 2013 2014 3799 1
1274 1275 3196 1
871 1336 2838 2839 2840 2841 2842 2843 1
2096 3868 1
753 2619 2623 1
270 1501 1516 1517 1
3917 1
1677 326 1678 1679 1
24 245 246 247 248 249 250 1
4477 4478 5152 1
196 1170 1171 1
2972 4444 1
131 976 977 978 979 1
3398 4622 1
753 2615 2624 1
1240 3134 3135 3136 3137 3141 1
5456 5551 5552 1
642 891 2378 2379 1
2165 3364 3952 1
1150 356 1172 1
8 196 188 197 190 198 1
689 2475 2476 2477 2478 1
627 628 86 629 630 1
3372 4587 1
1275 286 1535 1536 1533 1537 1
2155 530 2135 2137 1
3915 4890 4891 1
1702 3514 3520 1
7 130 131 132 133 1
160 306 216 1082 1
753 2625 2626 2627 1
3695 4816 4817 4818 1
5223 5444 5445 1
5170 5171 5417 5406 1
2993 4452 4458 4459 1
2075 3829 3830 1
705 1310 2524 2530 1
689 2469 2479 2480 1
4445 2977 4446 4447 1
1232 3121 3123 3124 3125 1
3433 2236 1565 3434 3435 3436 1
5237 5448 5449 1
3528 1715 3533 3534 1
4924 2
824 673 675 692 2449 1
442 1995 1996 1997 1
609 2307 2308 1
1128 197 848 1176 1
48 332 71 333 1
4848 5253 5254 5255 1
4231 4328 1
1334 3284 3285 3286 3287 1
5400 5157 5399 5158 5401 5402 5403 5404 1
53 384 385 386 387 388 389 1
4857 5264 1
1941 3738 3743 1
3472 4667 1
5481 5570 5571 1
360 1864 1865 1
432 1960 1962 1
1991 438 1992 1
1952 3755 3756 3757 3758 3759 1
1615 306 1616 1617 1618 1619 1620 1
584 1335 1364 1485 2251 1
91 750 835 836 1
756 2656 1
5237 5450 5451 1
5028 5343 5346 5347 1
635 395 1911 898 1
5281 5467 5469 1
1723 2166 3561 3562 1
234 296 237 1345 1377 1378 1
2496 3381 3382 1482 1
4284 2745 4285 1
74 519 520 547 578 579 1
355 896 586 1825 1
652 2381 2382 2383 1382 1
355 52 356 358 359 1
234 270 1379 1380 1381 1
316 1659 1
564 2216 2226 2227 2228 1
774 2706 2713 2714 1
146 597 1015 1016 1
4232 3396 1
5364 1
130 964 966 972 1
1946 1864 3630 1
355 1826 1
824 2788 2789 2790 2791 1
750 2604 2605 1
3372 2149 3893 1
1293 1231 2338 2952 3061 3119 1
2835 3615 1842 1
4142 4979 4980 4981 4982 1
146 1017 1018 1019 1
316 1660 1661 1662 1
4566 5174 5175 5176 5177 5178 5179 1
63 394 1
1967 3662 2822 3764 1
987 2932 1
586 437 1174 1986 1
1722 2818 3546 1
3740 1
5303 5486 1
2709 2715 1
664 665 2440 2441 1
4884 5279 5280 1
482 378 70 483 1
2905 4394 2
772 1675 2702 2703 2704 1
4728 5236 1
234 652 1382 1383 1
1460 3369 3370 3371 1
85 302 605 606 612 1
4883 4884 5275 5276 1
2165 3364 1723 1
3629 4774 4775 2
1722 3547 3548 1
714 1
4102 2875 2
1207 3096 3097 3105 3106 1
234 295 1384 235 1385 1
4359 2864 4361 4362 1
3744 1941 3745 3746 3747 3748 1
3609 4763 4764 4765 1
1677 3497 1
5343 5506 5507 5508 1
146 258 1020 1021 1022 1023 1
823 1664 2774 2775 2776 1
2397 4043 4044 4045 1
356 1
2719 4228 4229 1
711 2547 2549 1
2397 3735 4046 1
3528 1715 3535 3536 1
74 513 329 580 1
287 1550 1
506 1310 1
160 1083 1
1702 2371 1554 3426 3427 1
24 231 205 251 242 252 1
2728 2723 1
1057 2982 2983 2984 2985 2986 1
823 835 2507 2777 1
2165 1704 3525 1
5209 4859 5265 5266 1
1034 2963 2964 2965 2966 2967 2968 2969 2970 2971 1
1201 203 1202 1203 1
355 1565 1805 1827 1828 1829 1830 1
4901 5293 5294 1
24 237 253 254 255 1
676 2090 2457 1
713 2566 1
1317 1362 3276 3277 1
1316 683 2466 1
4163 4989 4990 2
1686 2329 1491 623 2330 2331 2332 1
1341 627 2343 2344 2345 2346 1
3999 4000 4930 4931 4932 1
4580 3361 4581 4582 4583 4584 4585 1
433 1
1460 926 277 1525 1526 1527 1
74 52 368 369 1
5163 5408 5409 5410 5411 1
3749 1941 3750 1
774 2715 2712 1
306 603 604 85 302 606 272 1
2530 4118 4119 4120 1
1723 348 1737 1738 1
234 295 235 466 1
4079 3829 4080 4081 2404 4082 1
196 188 197 190 1118 1121 1
7 134 135 85 136 137 138 1
3376 4604 4605 1
70 484 1
1702 2733 791 1
991 2937 1
2397 3895 4047 4048 1
866 93 867 493 1
7 64 66 139 1
435 686 1977 1978 1979 1
673 1847 2450 2451 1
5241 5454 5455 1
4298 4295 2756 4299 4300 4301 1
2717 4221 4223 4225 4226 1
4444 5136 5137 1
191 1136 1137 192 1
355 896 1414 1
74 188 489 197 449 1
316 1639 1663 1
228 24 229 256 257 1
191 1148 1
5268 5269 4867 5270 5271 1
1918 3717 3718 3719 3720 1
350 1743 354 1747 1748 1749 1
378 1892 1891 1893 1894 1895 1896 1897 1898 1
798 2745 2746 1
823 2778 2779 1
2818 1
5553 5554 5456 5555 5556 5557 5558 1
1310 3229 3230 3231 1
356 1170 1
434 191 160 213 574 1
5456 5559 5457 1
995 2384 2385 656 2386 2387 1
4404 3618 1
1240 1155 3061 3062 3063 3064 3065 3066 1
2068 630 2358 2359 2360 2361 1
1038 2977 2978 1
4230 2720 2
549 2188 2189 2190 2191 2192 2193 2194 1
1533 3406 3411 1
355 1782 1831 1832 1833 1834 1
1057 2987 1
879 104 880 881 882 883 1
1491 272 266 274 1492 1493 1494 1495 1
3035 3036 3037 1119 3038 1
234 1386 865 1387 1388 1389 1390 1391 1
2161 3937 3938 3939 1
3965 3964 2206 1
2993 1
2979 4450 1
1661 3494 1
3182 3183 3184 3185 3167 1258 1
1702 3521 1
5488 5490 1
705 2531 1
3592 4762 1
4216 2770 1
2101 506 1310 2102 1
444 1161 2002 2020 2021 1
3963 4921 4922 4923 2
24 258 259 1
2165 2752 3954 1
113 125 1
3850 4867 4868 4869 4870 1
1844 3625 3626 1846 3627 3628 1
146 1024 1021 471 1025 1
88 638 646 655 1
2236 3985 3986 3987 3988 3989 3990 3991 1
1426 236 1427 1
2745 2746 4286 1
346 360 348 365 1731 1
75 601 602 1
1723 1704 545 2172 1
5490 1
355 1484 1599 647 1
3350 2565 4145 4147 4157 4158 1
450 451 452 453 454 455 2035 1
5019 4230 5020 5021 1
146 258 1026 1027 1
3722 1926 3731 3732 3733 3734 1
2618 2622 4166 4167 4168 1
3233 3234 4536 4537 1
3472 2
4195 4196 1
91 316 819 837 838 839 1
3034 1
185 1112 1
4302 4303 4304 4305 1
2090 3839 3840 1
3696 1
2752 4294 1
555 2204 2205 1
3526 4739 4740 1
3616 4772 4773 1
7 86 30 140 1
188 197 1118 848 833 1122 1123 1124 1
1905 3688 3689 1
577 2245 2246 1
4477 1
3452 4649 4650 4651 4652 1
433 1967 1020 1968 1969 1970 1971 1
598 599 1958 1340 1
564 2212 2229 2230 1
7 112 141 1
3674 3675 1900 3684 3685 1
824 2785 2787 2792 1
438 1651 1
1864 3631 3632 3633 3634 3635 3636 3637 1
771 2692 2693 2694 2695 2696 1
2607 2620 4165 1
4623 5214 5215 5216 1
577 992 993 2247 2248 1
74 580 369 581 1
753 1109 2628 2623 1
4404 5100 1
1909 3695 3696 3697 3698 3699 1
304 305 1598 1
2920 963 2921 2922 2923 1
1889 3665 1
1870 1
673 1847 674 675 577 923 1
1886 3657 3658 3659 1
270 356 1087 168 1
3735 3736 1928 1
1449 1335 3288 1
3408 4634 4635 1
2115 2010 3800 1
499 119 947 500 501 502 1
3036 3037 4474 4475 1
665 2090 2446 2447 2448 1
1315 444 1
768 2668 2669 2670 2671 2672 2673 2674 2675 2676 2677 2678 2679 1
70 432 485 486 487 488 1
2400 4065 4066 4067 1
3638 1864 3639 1
234 300 1345 1392 1393 1
4533 5160 5161 1
3212 3214 4529 4530 4531 4532 1
5110 5371 1
88 642 656 657 658 659 1
776 2717 2718 1
432 598 1958 1963 1
4113 4963 1
2905 926 2906 2907 2908 1
879 891 111 892 893 1
74 580 581 582 583 1
2233 3978 3982 1
3741 2399 4057 4060 4061 1
4888 5289 1
742 2598 2599 2600 2601 2602 1
258 1480 1481 1
188 197 1125 490 1
7 48 74 52 67 85 142 143 1
1095 2999 3000 1
2905 2906 4395 1
3930 4903 1
2001 1909 2025 3700 3701 1
689 2481 2482 1
3036 3037 4471 4472 1
5170 5171 5172 4562 4563 5173 1
5133 5391 5392 5393 1
74 52 370 1
212 119 501 503 1
91 772 199 840 1
753 755 2610 1
191 985 692 1140 1143 1
3372 2164 3558 3945 3946 3947 1
2565 4148 4159 1
295 1384 235 1410 1
3879 3880 2118 3881 3882 3883 1
2650 4184 4186 1
5050 4857 1
256 1445 1446 1447 1448 1
3739 4830 4831 4832 1
286 1538 1539 1
4233 5030 1
3472 4703 4710 4711 4712 4713 4714 4715 1
7 48 52 144 1
1773 1774 663 2416 1775 1
2017 3809 3810 3811 3812 3813 3814 3815 3816 3817 1
2993 2012 1
3372 4588 1
4852 1
234 756 1394 235 1323 1395 1
270 271 28 272 273 274 275 1
3803 2015 2017 3806 3807 3808 1
627 1901 1344 2347 2348 2349 1
91 841 842 843 844 1
70 188 489 197 490 491 1
5068 5361 5362 5363 1
409 1923 1924 1925 1
2852 4341 4342 4343 4344 4345 1
2864 4363 4364 1
2165 3372 1
586 2267 2268 1
4171 4172 2623 4173 4174 1
3036 4471 4472 4476 1
694 2474 1
2165 3364 1460 3372 1
350 353 1745 1750 1751 1
1589 1591 3440 3441 3442 3443 3444 3445 1
2522 4109 1
2897 2898 4133 4386 4387 4388 1
91 845 193 846 847 1
2748 4287 4288 4289 1
3915 4892 1
4423 5120 1
1437 242 1438 1439 1
2993 4460 3802 4461 1
2195 2196 3958 3959 3960 1
1723 2163 2164 533 1
871 2286 2837 2844 2845 1
7 145 45 146 147 148 1
4858 4859 3823 4860 1
2793 2794 824 1317 2795 1
3145 4503 4505 1
52 371 372 1
2212 2229 3576 1
564 2231 2232 1
7 44 79 128 149 150 151 1
70 188 197 492 490 1
3739 4833 1
2400 4067 4068 4069 4070 1
355 1809 1811 1812 1813 1835 1836 1
1340 936 892 1
586 89 686 1
223 224 19 225 226 227 1
3821 1
74 70 75 493 494 1
1889 3666 3667 3668 3669 1
1100 3007 3008 3009 3010 3011 3012 3013 3014 3015 3016 3017 3018 3019 3020 3021 3022 3023 3024 3025 3026 3027 1
5312 5492 5493 5494 5495 1
3132 4499 4500 4501 1
2165 3955 1
4854 3757 1
4422 4423 1
212 15 160 213 214 215 216 217 218 219 220 221 222 1
1600 1449 3355 3356 3357 1
2090 3841 1
1128 1155 3040 3044 3045 1
2149 3892 3914 3915 3916 1
356 1859 1
237 677 1409 255 1431 1432 1
234 674 258 300 1396 1
4 7 44 45 9 40 1
994 466 995 996 142 997 998 999 1000 1001 1
48 71 325 326 334 335 1
433 332 1
212 1249 415 1250 1251 1
712 713 715 2553 2554 2555 2556 1
1774 2407 3582 3600 3601 3602 1
3616 3451 1
5244 5456 5457 5458 1
1418 3322 3323 3324 1
70 495 1
1394 3305 3306 1
3563 4748 4749 1
70 496 439 466 118 497 498 1
4423 5120 5128 5129 1
234 1318 756 235 994 1
112 914 917 918 1
622 182 532 1104 1105 1106 1
435 1980 1977 1981 1
807 2164 1
375 1579 1882 652 1883 1884 1
1028 1031 160 217 1
332 1691 1692 1
4232 5028 5029 1
2400 4071 1
7 67 152 153 154 1
943 652 654 119 1
2002 2788 3042 3789 3790 1
379 233 1212 1313 1
769 2689 2690 2691 1
451 2051 1
157 199 1037 1038 1039 1
2505 694 2474 1
705 2532 2533 2534 2535 2536 2537 2538 2539 1
332 1687 1688 1
3166 4511 4512 4513 4514 1
1647 768 2680 1
2233 3979 3981 3983 3984 1
2993 4455 4462 1
3373 4602 4603 1
5162 5405 5406 5407 1
4813 4445 3695 1
8 91 199 188 190 1
433 160 263 1084 1085 1
663 2435 2436 2437 1
2954 2066 1021 2068 1494 2955 2956 2957 2958 2959 1
851 2815 2816 2817 1
1093 2997 2998 1
74 584 585 1
52 366 328 142 143 373 374 1
5292 5472 5473 1
7 63 1
3472 1639 3473 3474 3475 3476 3477 1
74 586 493 587 1
4 7 37 1
4418 5114 5115 1
2091 3846 3848 3849 3856 3861 1
277 29 278 279 280 281 282 1
74 70 75 1
938 934 118 939 940 941 942 1
7 74 155 156 1
3869 2096 3870 1
669 1
1660 3483 3484 3485 1
3652 4789 3654 3655 4790 4791 1
4295 5054 1
270 1087 1518 1
1531 281 1532 1
297 89 237 696 1
4954 4089 4955 4956 1
521 1183 1189 1190 1038 2109 1
74 588 540 589 590 591 1
3650 4777 4778 4779 4780 4781 4782 1
3612 1818 3613 3614 1
2402 2403 2404 661 1
4231 5024 5025 5026 1
1426 3328 1954 3327 3329 3330 1
1693 350 332 1684 1694 1695 1696 1
4422 4423 2927 4424 1
234 237 253 255 1
1501 2309 1519 1
88 660 89 661 662 1
235 1323 1335 1411 1412 1413 1
4874 5272 5238 1
823 316 1664 1665 1
627 1293 2350 2351 2352 2353 1
774 2716 1
774 2709 2712 1
758 2661 2662 1
2607 753 2506 2619 2620 1
4404 4457 5101 5102 1
91 188 848 1
48 50 310 336 337 338 1
1608 2765 1
2993 2012 3802 1
1128 3046 3047 1
188 190 1126 1127 1
5377 5517 5518 1
3507 3452 1687 1
689 2479 2483 2484 2485 2486 1
3338 4567 1
1128 188 197 1119 848 1
46 48 309 50 71 310 315 1
157 111 113 894 895 1
258 403 1482 1483 1
7 64 157 158 1
2405 2406 1774 2407 2408 2409 2411 2412 2415 663 1775 2420 2421 2425 2427 2429 2438 2439 1
3235 4542 4548 1
65 139 412 1
1600 306 1601 1159 1160 1621 1622 1623 1
627 1901 2354 2338 2351 632 1
1774 3584 3603 3604 3605 1
346 360 1726 365 1
355 586 1825 1339 1809 1810 1811 1812 1813 1837 1838 1
316 1666 1667 1
2164 1
3965 3964 2206 3966 1
638 2377 1
4623 5217 1
2891 2892 4379 1
65 413 414 1
3486 1660 3487 1
436 437 1488 457 1
28 124 276 1
7 130 159 1
2927 973 2928 2929 1
4602 1
7 44 160 87 161 162 163 1
660 2397 2398 2399 2400 2401 1
4004 4005 4006 4007 4939 1
3507 3350 1687 3508 1
438 1701 1651 1993 1994 1
1545 2815 2807 2810 3418 3419 3420 3421 3422 1
4834 4835 4836 4837 1
52 350 375 376 377 1
4113 2524 1
5209 4859 5267 1
3739 4834 4835 4836 4837 4838 4839 4840 4841 4842 4843 1
1447 3341 3342 3343 3344 3345 1
130 973 974 975 1
356 1860 1861 1862 1
2938 4430 4431 1
4113 4964 1
3941 2627 4175 4176 4177 4178 4179 4180 1
1702 3522 1
355 586 1825 1839 1840 1
7 164 165 1
1278 925 224 926 1279 1280 1
171 415 402 1
2159 3928 3929 1
1450 257 1451 1
91 350 1
3125 4491 4492 4493 1
188 197 1129 1
378 1899 1
3372 4595 1
2155 530 2156 2157 1
7 85 166 1
37 234 299 300 301 1
70 499 119 500 501 502 503 1
4883 4884 4885 4886 5277 1
236 1368 1428 1429 1
2927 4425 4426 1
4171 4994 4995 1
676 536 2171 1
7 85 1
753 755 2629 2630 2631 2632 2633 2634 2635 2636 1
7 89 29 32 1
5070 5364 5365 1
2920 4413 1
3338 4568 1
1597 1057 303 1
768 2681 2682 1
1316 1319 3262 3264 3265 1
5292 5474 1
2149 3917 3918 3919 1
1946 1947 423 1948 1
2756 4302 4303 4304 4305 1
577 141 993 1
598 1017 2296 2304 1
355 1414 1416 1805 1841 1842 1843 1
74 526 592 1
2864 4365 4366 4367 4368 1
1316 3245 3049 3051 3264 3266 3267 1
2613 835 2802 1
1941 3738 2015 1
3255 3256 4554 4555 1
1232 209 1233 1
355 1155 956 1165 1
891 1958 2379 1
2165 2166 533 2167 2168 1
1452 1450 1854 3361 1454 1
347 1735 1736 1
564 2211 1
564 2226 2227 1
5237 1
1275 290 1
5312 5496 5497 1
91 703 849 850 1
65 415 402 1
4807 5244 5245 5246 5247 1
807 2755 2756 1
234 1331 1345 1364 1397 1398 1
1546 2443 3423 3424 3425 1
2165 3364 3956 1
4638 5220 5221 5222 1
91 188 197 848 1
418 1943 1944 1945 1
1555 2680 1659 1
196 356 1170 1168 1172 1
272 201 1200 1
88 644 1
1096 1037 2975 2976 1
3650 4778 4779 4783 4784 4785 4786 4787 4788 1
4774 4300 1
560 2209 2210 1
356 1863 1
466 652 654 2060 2061 2062 2063 1
627 86 629 631 632 633 1
5381 5382 5125 5383 1
3563 1723 3564 3565 3566 1
355 1484 258 584 585 1459 1485 1398 1
4404 5103 5104 5105 5106 5107 5108 5109 1
1414 3316 3317 3318 3320 3321 1
2162 3942 3943 3944 1
1531 3403 3404 1
1722 2166 3549 1
24 260 206 243 245 261 262 1
3223 1996 3778 3779 3780 3781 3782 3783 3784 1
823 2780 1
234 295 235 994 466 237 1399 1
74 512 499 501 1
2212 2229 2828 1
270 1501 1519 1
1207 3097 3107 3108 3109 1
1632 316 1668 1669 1
4025 3687 4802 4803 1
4 7 44 45 1
1155 1414 3057 1163 3067 1
316 1301 1670 1671 1672 1673 1674 1
753 822 1921 1
5312 5489 5490 5491 1
2896 4380 4381 1
236 1430 1
3145 1252 1253 3146 3150 3151 3152 1
234 1318 235 300 1
2149 3920 1
7 56 167 1
432 485 1964 1
366 1004 258 1486 1487 1
1382 1
2084 2085 3834 1
994 466 1593 1301 1596 2059 2064 1
2979 4449 1
3589 3592 4758 4759 4760 4761 1
2212 2229 3972 1
258 205 1213 1214 1219 1
2120 3886 3887 1
689 2487 2488 1
845 1
5430 5199 5431 5432 5433 1
4887 5284 4945 5287 5288 1
1844 3507 3616 3451 1
4423 2
548 550 2179 1
3396 4606 4607 1
1608 306 1062 1624 1625 1626 1627 1628 1
2506 4107 4108 1
223 929 937 1268 1269 1270 1
3965 3497 2368 1
1394 3307 1
2524 3704 1
4506 4043 4044 4045 4948 1
332 1689 1690 1
2196 3963 1
983 1450 1
689 2479 2489 1
863 864 92 865 1
713 2564 2556 1
2947 4439 4440 1
233 1212 1
2430 2431 4083 1
2149 3894 1
1488 457 1982 2053 1
444 445 1781 446 2022 2023 2024 1
4901 3930 1
3541 2544 2074 3827 3828 1
3 7 24 25 1
355 1773 1774 663 1775 1805 1
236 1418 1425 1
2115 2010 3801 1
702 704 2516 2517 1
292 293 1570 1571 1572 1573 1574 1
5581 5582 5563 5583 5584 1
3363 2835 1
5405 5532 1
74 547 593 594 595 596 1
753 755 2611 2618 1
1913 3427 3705 3706 1
234 235 1323 300 1400 1401 1
234 89 237 328 697 1
371 1878 1879 2
112 1
5223 5446 5447 1
52 1
1875 371 1877 1878 1880 1881 1
926 2902 2909 2910 2911 1
234 296 299 1345 1377 1402 1
499 119 947 501 1
702 1501 2309 2518 2519 1
1254 3161 3162 1
74 564 565 1
2155 2131 530 2128 2136 2138 2141 2158 1
145 1003 1
86 617 634 1
89 698 1
1501 3388 1
1901 1344 2347 3293 3294 1
91 350 851 1
2164 3948 1
4432 2940 4433 4434 4435 4436 4437 4438 1
2814 4328 4329 1
234 295 299 300 1372 696 1
1414 3319 1
2818 851 2819 2820 1
169 85 302 42 201 203 303 1
436 457 1982 1983 1984 1
2233 564 2234 1
5359 5509 5510 5511 5512 5513 5514 5515 1
753 755 1660 1
7 92 168 1
2149 3052 3921 3922 1
2524 4114 4115 1
70 439 504 505 1
3447 4642 4643 4644 4645 1
270 1505 1520 1
1155 1163 3043 3068 3069 1
5027 4231 1
3222 3223 4534 1
4813 4445 5145 5146 1
3822 1
2442 1091 1093 1
2551 4134 4135 1
598 2288 2305 2306 1
1723 835 1
7 169 44 145 85 170 1
705 1540 2526 2444 2528 2532 2540 2541 2542 2543 1
824 692 2493 1
1386 3301 3302 1
7 44 51 171 38 172 173 29 9 79 80 131 128 162 174 175 176 177 178 179 180 181 1
7 70 182 183 184 1
1722 2166 3550 3551 3552 3553 3554 3555 3556 1
2728 782 2723 1
2237 3993 3994 3995 1
450 451 560 562 2036 2037 1
689 2490 1
355 1844 1845 1220 1823 1846 1
4732 3519 1
3507 4722 4725 4726 4727 1
1989 3767 3768 1
564 2212 2217 1
711 2547 2550 1
2442 1608 1096 3006 1
91 852 853 854 855 1
234 295 1331 1320 1326 998 1403 1404 1
355 673 1847 674 923 1848 1849 1850 1851 1
5262 5464 1
4163 4990 1
1680 784 1
624 2333 2334 2335 2336 1
2972 1533 3412 1
3311 4562 4563 1
4193 4999 5000 1
4113 4965 4966 1
4194 5005 5006 1
3563 4750 4751 4752 1
4091 1
926 927 1922 1
2725 1190 3010 3013 3015 3020 3026 3084 3085 3086 3087 3088 3089 3090 3091 1
2913 4400 4401 4402 4403 1
2725 4241 4242 4243 4244 4245 4246 4247 1
332 1689 1
824 2785 2787 1
5312 5488 5489 5497 1
409 1926 1927 1928 1929 1930 1931 1932 1933 1934 1
112 919 920 1
1452 1450 1453 257 1454 1
1864 1865 3640 1
4646 3451 4647 4648 1
1918 3721 1
2993 3227 4455 4456 4463 1
4647 4094 4957 4958 4959 4960 4961 1
297 89 237 677 699 1
234 1335 1
896 679 879 897 898 111 899 900 901 902 903 904 1
3190 3191 4519 1
753 755 1635 316 1
7 185 145 15 1
4905 5298 5299 5300 1
3835 4862 4863 4864 4865 4866 1
5533 5416 5534 5535 1
5554 5579 5580 1
5059 4300 5060 5061 5062 1
4901 5295 5296 2
4249 5045 5046 1
2165 1704 3524 1
2261 3514 3427 1
586 1871 368 1874 1
1941 416 1942 1
1155 1414 3043 3068 3070 3071 1
851 2817 2819 2821 1
7 46 48 51 52 1
635 86 620 636 1
365 1
1722 1281 1528 3199 1
4733 3521 4735 4736 1
7 141 186 1
678 89 700 1
1449 256 1
113 901 1
4733 5132 5238 5239 5240 1
309 70 465 1
3741 4848 4849 1
366 1869 1870 636 1
1212 1312 3110 3111 3112 1
2238 1
3396 4608 4609 4610 1
586 2267 2269 2270 1
1989 3769 3770 1
4289 5051 5052 1
188 197 1125 1129 1
3612 4770 4771 1
