21 39 40 41 42 1
21 8 1
21 8 9 1
15 2
15 5 1
15 29 30 1
15 31 32 1
15 10 3
15 10 28 1
15 33 1
15 34 1
15 35 1
36 17 1
78 68 79 1
61 62 44 1
5 3
5 3 1
72 63 73 2
37 38 17 1
23 2
23 9 2
66 47 1
81 85 1
81 70 1
31 1
59 71 1
59 60 41 1
59 41 2
69 58 1
63 2
63 64 44 1
63 74 2
63 75 1
65 44 1
16 6 1
6 3 2
6 3 7 3
24 9 1
24 43 1
8 1
8 9 3 1
8 22 1
50 32 51 52 1
53 32 46 1
53 67 1
84 79 3
32 1
32 54 1
32 55 1
32 56 57 1
32 57 58 1
9 10
9 25 1
9 3 5
9 3 10 1
9 26 1
9 27 1
9 22 2
1 1
0 1 2 2
1 3 1
1 4 4
3 2
3 11 1
3 10 1
3 10 12 1
3 13 1
3 12 1
3 14 1
76 77 67 1
44 5
44 45 26 1
44 43 1
51 3
7 1
7 17 2
7 17 18 2
7 17 19 20 1
7 17 20 1
10 4
80 68 1
45 1
45 26 1
45 47 2
68 54 2
68 79 1
48 27 2
33 1
17 1
46 1
46 26 1
46 47 1
46 26 47 1
26 2
83 75 1
70 58 1
49 27 1
12 1
67 2
73 82 1
20 1
28 3
75 3
57 2
57 58 1
58 6
