0 1 2 3 4 5 6 7 1
0 2
1 2 8 9 3 4 5 10 11 12 13 14 15 16 17 18 19 20 21 6 22 23 24 25 26 27 28 29 30 31 32 1
2 4 5 10 11 18 19 33 34 20 21 6 35 36 23 37 30 31 1
147 1
147 224 225 1
147 148 149 150 97 131 151 152 153 154 1
302 3
302 288 1
8 51 52 53 22 1
8 1
8 10 11 12 17 18 19 54 55 1
8 16 18 19 20 6 23 25 29 32 1
51 100 101 74 102 103 104 105 1
51 101 74 102 103 104 106 105 1
52 107 53 1
52 53 1
156 157 158 159 160 111 112 161 162 163 1
156 163 1
156 199 213 234 157 200 235 236 162 163 1
156 164 112 165 162 166 1
116 3
116 117 118 119 120 121 122 123 124 125 126 113 127 84 128 129 130 131 132 133 134 135 136 137 1
100 1
237 238 239 202 240 241 242 243 1
237 243 2
237 238 239 202 258 240 241 242 243 207 259 1
237 238 239 158 159 240 241 242 243 160 1
238 285 242 1
238 285 1
301 1
301 283 1
168 1
168 169 170 171 129 114 115 1
280 281 1
280 281 282 217 1
280 282 299 300 1
5 38 13 39 1
10 11 12 18 24 25 1
10 11 18 21 1
10 11 18 1
312 1
312 290 313 314 315 316 1
256 199 213 257 200 1
199 200 201 202 203 139 204 205 206 207 189 208 209 210 191 192 211 212 1
199 213 200 203 139 214 215 216 204 205 208 209 211 217 212 218 1
257 273 1
235 2
219 140 1
219 1
155 101 1
155 1
155 232 233 1
64 27 28 1
148 149 1
148 2
149 226 227 228 229 1
39 89 90 91 1
288 289 290 291 292 293 294 295 264 296 297 298 1
288 293 294 1
288 292 293 294 297 1
289 292 303 304 305 306 307 308 309 310 311 1
289 291 292 1
289 304 1
289 303 311 1
290 1
292 297 1
201 202 203 211 1
248 2
248 165 1
294 1
294 295 1
252 4
252 253 254 1
252 174 253 254 3
98 1
98 50 99 2
184 4
184 185 186 187 188 130 189 190 191 192 193 194 195 196 197 1
184 255 1
184 194 195 196 197 1
89 138 139 90 91 140 141 1
89 138 90 142 1
89 143 144 1
138 1
117 118 1
117 1
117 172 173 174 1
117 118 175 132 134 176 177 178 179 1
118 180 181 128 132 133 134 182 137 178 1
158 1
91 140 1
91 1
40 1
40 41 42 43 44 7 45 46 47 48 49 1
40 42 47 1
40 92 93 94 95 1
214 279 1
214 1
323 328 1
323 304 305 306 307 309 1
323 1
295 296 2
295 264 296 1
119 1
119 167 124 113 128 1
58 59 60 61 62 26 1
58 59 61 62 26 1
58 59 60 61 62 26 63 1
59 1
50 3
50 41 42 43 7 48 1
50 99 1
41 42 44 45 46 49 1
43 48 1
230 231 150 153 1
231 1
244 1
244 245 246 164 247 1
255 1
221 3
221 141 1
56 14 57 1
56 109 57 1
56 1
317 319 1
317 318 319 320 321 303 322 1
317 1
15 1
16 2
180 198 181 137 1
180 1
198 1
181 1
143 1
274 275 276 277 278 210 1
274 278 1
274 275 276 278 1
276 277 1
65 27 28 2
65 66 28 1
260 261 1
260 261 262 263 1
260 261 262 263 264 265 266 216 267 204 205 268 269 211 270 1
261 215 204 268 208 271 272 211 217 270 212 273 1
223 145 1
145 104 146 93 95 1
169 2
169 170 171 1
17 18 19 1
17 18 1
185 186 187 196 1
185 1
187 1
313 2
313 314 316 1
249 251 1
249 172 250 251 1
249 250 251 1
249 1
99 1
96 44 97 1
224 225 1
224 1
225 2
140 141 220 1
140 1
220 1
120 1
121 122 127 1
68 69 70 33 71 72 2
68 1
68 69 70 33 71 73 35 72 74 75 37 1
70 110 1
33 71 75 1
263 1
245 1
245 286 287 1
107 1
328 1
324 325 1
324 3
324 329 1
324 325 309 1
258 3
241 242 1
160 162 1
160 1
329 4
314 1
236 1
236 284 1
164 1
247 1
76 77 78 79 34 80 81 82 83 84 1
77 111 112 2
78 113 1
79 34 1
80 81 82 85 86 87 88 83 36 1
81 36 2
82 83 114 115 1
82 83 114 1
281 4
85 86 87 75 1
85 86 87 83 1
87 1
264 1
20 1
6 23 1
122 1
73 2
35 1
167 2
83 1
72 74 1
7 1
174 1
103 1
253 2
226 1
226 227 228 1
215 2
112 1
326 327 1
326 327 319 320 321 322 1
326 322 1
327 1
183 123 1
22 1
282 299 1
282 1
282 299 300 1
54 2
222 144 1
222 1
171 1
175 1
175 177 1
297 1
188 190 1
161 2
265 1
265 266 267 269 1
266 216 1
269 1
319 1
321 322 1
126 2
84 1
75 37 1
227 228 1
227 2
228 1
304 306 307 308 309 310 1
283 232 233 1
283 1
135 1
207 1
189 192 1
251 2
142 1
47 1
23 2
136 3
279 4
210 1
25 2
146 1
114 115 1
62 1
308 2
26 1
108 4
108 55 1
271 1
192 1
193 2
63 2
152 153 1
153 1
154 1
229 2
94 95 1
309 4
49 5
233 3
144 2
195 1
298 1
217 1
105 1
55 3
259 2
67 29 1
179 1
30 31 32 1
31 1
287 3
310 2
